SN000
20 5587312802 3829076116 1
76 5587312802 4023547295 1
81604378666 2813221064 5026932684 2
85899345960 4951699706 2558390922 2
171798691900 3477113832 2635101594 1

SN001
20 4716995402 4585087515 1
76 4716995402 4394753235 1
85899345960 3661893854 4574284389 1
128849018931 5311543994 953325168 2
171798691900 4423257615 1601236025 1

SN002
20 4984484328 1611313958 1
76 4984484328 3195017829 1
85899345960 4166013380 3750705283 1
146028888117 4989226985 5424114114 2
150323855414 2346660959 2944522187 2
154618822716 2086894764 4784500745 2
171798691900 1544527819 4784500745 2

SN003
20 2561193686 5828894921 2
76 2561193686 2157326767 1
85899345960 1071665782 2117300608 1
137438953523 2379034128 2574147879 6
150323855436 5056454581 2157326765 3
171798691900 3642353636 2133860767 3

SN004
20 3588365616 4595705874 1
76 3588365616 3950385079 1
85899345960 5483403940 5022753050 1
171798691900 3319248746 4395589031 1

SN005
20 5077103671 375962439 19
76 5077103673 2543225684 1
60129542186 1203337627 2554083757 2
85899345964 4236680573 4611971348 2
85899345968 4236680573 3880996891 2
111669149752 303243745 1193991942 2
154618822728 5829748690 3553511650 2
188978561097 1522644083 2638462087 14

SN006
20 1641513798 2657933339 1
37 1641513798 3911354643 1
163208757324 3628260390 3143619995 1
171798691899 2286266334 4870552470 2
171798691900 2286266334 4196475915 1

SN007
20 661749724 5019699045 3
76 661749725 1902305615 1
85899345960 1519355111 687289849 1
103079215147 2338103516 3971414762 2
128849018929 3737692215 5168540266 2
171798691900 2463713867 4500705689 1

SN008
42 3705462464 1043923937 19
71 3705462472 1234977749 5
75 3705462476 1955151572 1
21474836555 6254178930 1955151571 2

SN009
20 115911916 4209754436 1
63 115911916 176821766 1
85899345960 4938652863 6192164871 1
94489280553 1323977983 1811134934 2
98784247850 4348187654 4844258381 2
171798691900 4802356586 4564545757 1

SN010
20 1058016225 2537970484 1
76 1058016225 4248132073 1
85899345960 2133866362 5599615237 1
98784247852 4087737021 2846066727 2
120259084335 1029159479 5599719001 2
128849018929 1428381147 6174744398 2
171798691900 3838289828 2410103336 1

SN011
44 3705443828 104196203 6
46 3705443828 3793262162 3
76 3705443830 902751286 1
12884901937 596021299 2753534311 2
55834574898 6261422806 5106518179 2
188978561088 2515489707 3422932499 1

SN012
20 5423518099 3985547525 1
76 5423518099 2621488882 1
47244640332 1000618973 2621488882 2
85899345960 3482611068 3291529795 4
171798691900 821933748 3342330302 4

SN013
20 4983263103 1219583551 1
75 4983263103 5074266984 1
85899345960 2539202784 3915474610 1
98784247850 2483537015 4015221874 2
107374182445 3290578578 5625986760 2
171798691900 2318582804 2451809412 1

SN014
24 1037990042 4924575154 2
48 1037990042 946274905 2
76 1037990043 2689352981 1
90194313265 5230636174 2050741028 2
94489280562 3151751097 3555405219 2
103079215159 203565840 4866825960 9
103079215179 203565842 4244773808 2
236223201356 4887460958 2689352980 2

SN015
20 2499474612 3510276942 1
29 2499474612 2136871715 1
128849018956 3698457575 4016258958 1
171798691900 4055736385 2441481298 1

SN016
20 2040461139 4179103005 1
76 2040461139 2326163558 1
85899345960 1244790305 3577996216 1
163208757305 3688890849 2091549588 2
171798691900 3756721659 5010484007 1

SN017
76 3337874936 2669720283 861

SN018
20 1280382531 649473746 1
76 1280382531 2645576458 1
85899345960 3662028281 1525966475 1
171798691900 4419516371 3680889199 1

SN019
23 2464447544 2033106339 14
39 2464447552 3855734118 4
45 2464447552 639317714 3
45 2464447552 639317714 3
45 2464447552 639317714 3
45 2464447552 639317714 3
45 2464447552 639317714 3
4294967341 2537618275 639317713 4
8589934647 2832989487 3185055380 1
17179869242 2447176542 5286322682 2
17179869242 2447176542 5286322682 2
17179869242 2447176542 5286322682 2
17179869242 2447176542 5286322682 2
17179869242 2447176542 5286322682 2
17179869247 2447176543 240434575 1
38654705722 3275168355 5286322682 4
38654705732 3275168356 1127498664 2
38654705732 3275168356 1127498664 2
38654705732 3275168356 1127498664 2
38654705732 3275168356 1127498664 2
38654705732 3275168356 1127498664 2
38654705736 3275168356 5500296035 1
42949673025 676601541 5240818854 4
42949673032 676601542 5500296035 2
42949673032 676601542 5500296035 2
42949673032 676601542 5500296035 2
42949673032 676601542 5500296035 2
42949673032 676601542 5500296035 2
42949673035 676601542 433534072 1
68719476804 2423581862 1127498663 4
68719476810 2423581862 1314905297 2
68719476810 2423581862 1314905297 2
68719476810 2423581862 1314905297 2
68719476810 2423581862 1314905297 2
68719476810 2423581862 1314905297 2
73014444101 2368569329 3372280221 4
94489280584 4343532536 5500296034 4
94489280587 4343532537 433534072 2
94489280587 4343532537 433534072 2
94489280587 4343532537 433534072 2
94489280587 4343532537 433534072 2
94489280587 4343532537 433534072 2
98784247864 5639367248 938887503 19
115964117068 6036361700 1921049237 1
163208757324 2585174003 1921049236 2
163208757324 2585174003 1921049236 2
163208757324 2585174003 1921049236 2

SN020
23 5369787079 1005296220 2
76 5369787079 678165786 1
60129542190 2234590150 1094545560 2
98784247858 2926752038 3019053094 18
98784247859 2926752039 3766433455 7
107374182454 3565310119 1532647725 2
115964117053 1108739247 5500634005 2
146028888137 898640966 3980721776 2
154618822730 5870192932 1209652778 2
214748364876 2632628591 678165786 4