    index       A           C           G           T           Sum
          0          0           0           0           0           0
          1          0           0           1           0           1
          2          0           1           1           0           2
 1000000000  347353111   231309419   205593504   215743966  1000000000
 1000000001  347353111   231309420   205593504   215743966  1000000001
 1000000002  347353111   231309421   205593504   215743966  1000000002
 2668688547  809227074   663894174   554733280   640834019  2668688547
 2668688548  809227074   663894175   554733280   640834019  2668688548
 2668688549  809227074   663894175   554733280   640834019  2668688548
 6274909008 1832527713  1304926791  1304926791  1832527712  6274909007
 6274909009 1832527713  1304926791  1304926791  1832527713  6274909008
 6274909010 1832527713  1304926791  1304926791  1832527714  6274909009
 6274909011 1832527714  1304926791  1304926791  1832527714  6274909010
 6274909012 1832527714  1304926791  1304926791  1832527714  6274909010
